1.1 7.3 3.2 0.3 3.1
4.3 5.6 1.8 5.3 3.1
1.3 2.7 3.5 9.3 1.1
7.5 5.1 0.6 2.3 3.9

0.3 1.1 3.1 3.2 7.3
1.8 3.1 4.3 5.3 5.6
1.1 1.3 2.7 3.5 9.3
0.6 2.3 3.9 5.1 7.5

0.3 1.8 1.1 0.6
1.1 3.1 1.3 2.3
3.1 4.3 2.7 3.9
3.2 5.3 3.5 5.1
7.3 5.6 9.3 7.5

0.3 0.6 1.1 1.8
1.1 1.3 2.3 3.1
2.7 3.1 3.9 4.3
3.2 3.5 5.1 5.3
5.6 7.3 7.5 9.3

0.3 1.1 2.7 3.2 5.6
0.6 1.3 3.1 3.5 7.3
1.1 2.3 3.9 5.1 7.5
1.8 3.1 4.3 5.3 9.3


array results:
[1.100000 7.300000 3.200000 0.300000 3.100000], [4.300000 5.600000 1.800000 5.300000 3.100000], [1.300000 2.700000 3.500000 9.300000 1.100000], [7.500000 5.100000 0.600000 2.300000 3.900000], 
[0.300000 1.100000 2.700000 3.200000 5.600000], [0.600000 1.300000 3.100000 3.500000 7.300000], [1.100000 2.300000 3.900000 5.100000 7.500000], [1.800000 3.100000 4.300000 5.300000 9.300000], 
Program exited.

[7.100000 2.300000 1.100000], [4.300000 5.600000 6.800000], [2.300000 2.700000 3.500000], [4.500000 8.100000 6.600000], 
[1.100000 2.300000 3.500000], [2.300000 2.700000 6.800000], [4.300000 5.600000 7.100000], [4.500000 6.600000 8.100000], 
Program exited.
